[b5.jpg]
filters=enhance=1;autolight=1;radsat=1,0.500000,0.500000,0.485380,0.122807;
moddate=0000dacf3cd40000
width=1920
height=1038
textactive=0
